5 0.000576 29.9178 0.318389 short-packet
14 0.000608 29.9178 0.318389 short-packet
14 0.00064 29.9178 0.318389 short-packet
24 0.00064 29.9178 0.318389 short-packet
32 0.000832 29.9178 0.318389 short-packet
82 0.000832 29.9425 0.318389 short-packet
94 0.001152 29.9425 0.318389 short-packet
98 0.001152 29.9425 0.318389 short-packet
114 0.001216 29.9425 0.318389 short-packet
118 0.001216 29.9425 0.318389 short-packet
130 0.001664 29.9425 0.318652 short-packet
142 0.001824 29.9425 0.318652 short-packet
146 0.001824 29.9425 0.318652 short-packet
166 0.001824 29.9425 0.318652 short-packet
169 0.001824 29.9425 0.318652 short-packet
170 0.001824 31.7904 0.318652 short-packet
173 0.001824 31.7904 0.318652 short-packet
182 0.001824 31.7904 0.318652 short-packet
183 0.001824 31.7904 0.318652 short-packet
184 0.00224 31.7904 0.318652 short-packet
185 0.002304 31.7904 0.338318 short-packet
187 0.002304 31.7904 0.338318 short-packet
188 0.002432 31.7904 0.338318 short-packet
190 0.002432 31.7904 0.338318 short-packet
210 0.002432 31.7904 0.338318 short-packet
240 0.002432 33.1356 0.338318 short-packet
280 0.002432 34.3109 0.338318 short-packet
301 0.002432 34.3109 0.338318 short-packet
325 0.002432 34.3109 0.338318 short-packet
387 0.002432 34.3109 0.338318 short-packet
388 0.002432 38.2234 0.402406 short-packet
388 0.002432 38.2234 0.402406 short-packet
458 0.002752 38.2234 0.402406 short-packet
458 0.002752 38.2234 0.402406 short-packet
540 0.002752 43.7698 0.452949 short-packet
541 0.002752 43.7698 0.452949 short-packet
563 0.002752 43.7698 0.452949 short-packet
563 0.002752 43.7698 0.452949 short-packet
563 0.002752 43.7698 0.452949 short-packet
565 0.003328 43.7698 0.452949 short-packet
1566 0.003328 44.0133 0.455451 short-packet
1566 0.003648 44.0133 0.455451 short-packet
1569 0.003648 44.0133 0.455451 short-packet
1570 0.004744 44.0133 0.455451 short-packet
1571 0.004992 44.0133 0.455451 short-packet
1577 0.005184 44.0133 0.455451 short-packet
1587 0.005184 45.0315 0.466035 short-packet
1594 0.005184 45.0315 0.466035 short-packet
1597 0.005504 45.0315 0.466035 short-packet
1598 0.005504 45.0419 0.466142 mediumsize-packet
1607 0.01408 45.0419 0.466142 mediumsize-packet
1617 0.17248 45.0419 0.466142 mediumsize-packet
1636 0.17376 45.0419 0.466142 mediumsize-packet
1637 0.17376 45.0419 0.466142 mediumsize-packet
1642 0.17376 45.0419 0.466142 mediumsize-packet
1645 0.17824 45.0419 0.466142 mediumsize-packet
1649 0.17824 45.0419 0.466142 mediumsize-packet
1659 0.17824 45.0419 0.466142 mediumsize-packet
1663 0.17824 45.0419 0.466142 mediumsize-packet
1666 0.17824 45.0515 0.46624 mediumsize-packet
1670 0.17824 45.0515 0.46624 mediumsize-packet
1672 0.17824 45.0515 0.46624 mediumsize-packet
1677 0.17824 45.0515 0.46624 mediumsize-packet
1678 0.17824 45.0515 0.46624 mediumsize-packet
1687 0.17824 49.1702 0.522884 mediumsize-packet
1693 0.17824 49.1702 0.522884 mediumsize-packet
1696 0.17824 49.1702 0.522884 mediumsize-packet
1710 0.17824 49.1702 0.522884 mediumsize-packet
1717 0.18368 49.1715 0.522897 mediumsize-packet
1732 0.18368 49.1715 0.522897 mediumsize-packet
1744 0.1848 49.1715 0.522897 mediumsize-packet
1753 0.1848 49.1715 0.522897 mediumsize-packet
1759 0.18592 59.1161 0.61019 mediumsize-packet
1769 0.18624 59.1161 0.61019 mediumsize-packet
1771 0.18624 59.1161 0.61019 mediumsize-packet
1772 0.18624 59.1158 0.610187 mediumsize-packet
1778 0.18624 59.1158 0.610187 mediumsize-packet
1781 0.18624 59.1158 0.610187 mediumsize-packet
1794 0.19712 59.1158 0.610187 mediumsize-packet
1803 0.19712 59.1158 0.610187 mediumsize-packet
1804 0.19712 59.1158 0.610187 mediumsize-packet
1807 0.20736 59.1158 0.610187 mediumsize-packet
1821 0.22176 59.1158 0.610187 mediumsize-packet
1838 0.22176 59.1158 0.610187 mediumsize-packet
1843 0.22304 59.1158 0.610187 mediumsize-packet
1863 0.22752 59.1152 0.610181 mediumsize-packet
1865 0.22752 59.1152 0.610181 mediumsize-packet
1870 0.23296 59.1152 0.610181 mediumsize-packet
1880 0.23296 62.8409 0.66861 mediumsize-packet
1891 0.23296 62.8409 0.66861 mediumsize-packet
1914 0.23296 62.8411 0.668612 mediumsize-packet
1937 0.23296 62.8411 0.668612 mediumsize-packet
1938 0.23296 62.8411 0.668612 mediumsize-packet
1941 0.23296 62.8411 0.668612 mediumsize-packet
1966 0.2376 62.8411 0.668612 mediumsize-packet
1968 0.240976 62.8411 0.668612 mediumsize-packet
1981 0.24416 62.8411 0.668612 mediumsize-packet
1987 0.245088 62.8411 0.668612 mediumsize-packet
1994 0.24576 62.8411 0.668612 mediumsize-packet
3389 0.251296 62.8411 0.668612 large-packet
3399 0.252104 62.8413 0.668615 large-packet
3443 0.25296 62.8413 0.668615 large-packet
3476 0.255904 62.8413 0.668615 large-packet
3483 0.256544 62.8413 0.668615 large-packet
3608 0.258816 63.5252 0.676132 large-packet
3615 0.261056 63.5252 0.676132 large-packet
3621 0.262104 63.5252 0.676132 large-packet
3629 0.262344 63.5252 0.676132 large-packet
3638 0.26364 63.5252 0.676132 large-packet
3646 0.269616 63.5252 0.676132 large-packet
3691 0.270048 63.5252 0.676132 large-packet
3699 0.272632 63.5252 0.676132 large-packet
3719 0.277792 63.5252 0.676132 large-packet
4022 0.280416 63.5252 0.676132 large-packet
4061 0.285056 63.9245 0.68022 large-packet
4065 0.290496 63.9245 0.68022 large-packet
4071 0.292896 63.9243 0.680219 large-packet
4074 0.299936 63.9243 0.680219 large-packet
5161 0.3036 63.9243 0.680219 large-packet
5213 0.318704 63.9243 0.680219 large-packet
5227 0.321184 63.9243 0.680219 large-packet
5245 0.33232 63.9243 0.680219 large-packet
5246 0.340176 63.9243 0.680219 large-packet
5257 0.344024 63.9243 0.667826 large-packet
5275 0.34744 63.9243 0.667826 large-packet
5277 0.348208 63.9243 0.667826 large-packet
5284 0.3522 63.9242 0.667826 large-packet
5396 0.35848 63.9242 0.667826 large-packet
8730 0.366848 63.9242 0.667826 large-packet
8954 0.372632 63.5251 0.667826 large-packet
9218 0.372792 63.5251 0.667829 large-packet
9233 0.374896 63.5251 0.667829 large-packet
9746 0.375856 57.5152 0.593578 large-packet
9770 0.387552 57.5152 0.593578 large-packet
9986 0.391712 57.5152 0.593578 large-packet
10130 0.39184 57.5152 0.593578 large-packet
10141 0.430752 57.5152 0.593578 large-packet
10228 0.45968 57.5152 0.593578 large-packet
10466 0.469232 57.5152 0.593578 large-packet
10478 0.50012 57.5152 0.593578 large-packet
11498 0.504704 57.5152 0.593578 large-packet
12089 0.517072 57.5152 0.593578 large-packet
12338 0.532448 57.5142 0.593567 large-packet
12871 0.571456 57.5142 0.593567 large-packet
13269 0.591664 57.5142 0.593567 large-packet
13458 0.607224 57.5142 0.593567 large-packet
13996 0.635384 57.5142 0.593567 large-packet
15274 0.636144 57.5142 0.593567 large-packet
15904 0.7232 57.5142 0.593567 large-packet
21890 0.741728 57.5142 0.593567 large-packet
